     23.0000    1  2  2  7
     60.0000    1  3  1  6
      2.0000    1  3  5  5
     33.0000    4  5  4  3
      1.0000    1  2  1  2
     17.0000    2  4  5  3
     12.0000    4  3  6  2
     10.0000    1  3  3  3
     37.0000    2  1  4  7
     51.0000    2  5  5  4
     47.0000    3  1  2  2
     60.0000    4  2  3  1
     58.0000    3  4  6  5
      9.0000    1  4  1  4

      2.0000    2  2  5  1
     58.0000    3  3  2  1
     60.0000    4  2  3  4
     12.0000    4  2  2  2
      8.0000    1  3  5  3
     47.0000    3  4  4  2
     60.0000    1  5  5  5
     23.0000    2  5  4  7
      1.0000    4  5  1  2
     18.0000    2  3  6  6
     10.0000    2  2  3  6
     32.0000    4  1  1  6
     37.0000    1  4  1  7
     52.0000    2  1  6  3

     13.0000    3  5  1  4
     60.0000    1  5  2  5
     57.0000    4  2  1  7
     23.0000    3  1  4  3
     60.0000    3  1  6  1
     43.0000    1  4  3  6
     33.0000    2  4  5  2
     47.0000    4  3  4  4
      8.0000    2  4  6  6
      2.0000    1  5  6  7
      9.0000    3  5  2  6
      1.0000    4  1  2  7
     37.0000    2  3  5  3
     27.0000    2  2  3  2

      1.0000    2  3  6  1
     37.0000    3  2  3  6
     10.0000    2  1  2  7
     60.0000    1  1  6  5
     23.0000    2  3  1  6
     60.0000    2  3  2  4
      9.0000    2  4  6  2
     47.0000    4  2  1  1
     12.0000    1  1  4  1
      2.0000    2  1  5  3
     51.0000    3  5  5  2
     33.0000    1  5  3  7
     58.0000    4  4  4  3
     17.0000    3  4  5  7

      1.0000    2  5  1  2
     37.0000    1  3  2  6
     60.0000    3  5  3  3
     41.0000    1  4  5  7
     57.0000    2  1  6  2
     50.0000    4  2  1  4
     33.0000    3  4  2  1
     10.0000    3  4  3  4
     27.0000    1  1  5  1
      2.0000    3  2  5  2
     47.0000    2  3  4  5
     13.0000    4  2  6  5
     19.0000    4  2  1  7
     23.0000    4  5  4  6

     55.0000    2  4  6  1
     24.0000    4  1  2  4
      1.0000    1  5  2  3
     60.0000    1  1  5  6
      5.0000    1  5  1  1
     11.0000    2  5  3  7
     36.0000    4  5  1  4
     59.0000    3  2  3  3
     10.0000    2  2  5  7
     15.0000    3  2  6  5
     31.0000    3  5  4  2
     29.0000    2  4  1  2
     45.0000    4  3  2  5
     39.0000    1  3  4  7

      2.0000    1  5  3  3
     23.0000    1  3  4  5
     12.0000    3  5  1  1
      1.0000    1  3  6  1
      9.0000    1  4  6  6
     10.0000    1  5  2  2
     60.0000    1  5  6  4
     17.0000    2  4  3  2
     33.0000    3  2  5  2
     47.0000    4  1  4  1
     60.0000    3  3  2  7
     51.0000    2  2  3  6
     58.0000    4  4  1  3
     37.0000    2  1  5  5

     43.0000    3  5  3  7
     59.0000    4  3  1  6
     37.0000    2  1  4  4
     60.0000    2  4  5  5
      9.0000    3  3  5  7
      8.0000    2  5  1  7
     47.0000    1  1  6  2
     23.0000    3  4  6  4
     33.0000    4  5  4  3
     13.0000    4  3  2  2
      3.0000    3  3  1  1
     27.0000    3  2  3  3
     57.0000    1  2  2  1
      1.0000    1  4  5  6

     60.0000    1  3  6  5
     32.0000    4  5  5  7
      1.0000    4  3  5  6
     58.0000    3  4  2  3
     52.0000    2  5  3  2
     23.0000    2  3  4  1
     12.0000    4  2  2  6
     47.0000    3  1  4  6
     10.0000    2  2  6  7
     60.0000    4  2  1  4
      2.0000    2  2  1  3
     18.0000    2  4  3  7
     37.0000    1  1  5  1
      8.0000    1  4  1  2

     33.0000    3  1  5  6
      2.0000    3  3  4  1
     37.0000    2  5  5  7
     57.0000    1  4  2  1
      1.0000    1  2  1  1
     47.0000    1  5  3  5
     13.0000    4  3  2  5
     10.0000    3  1  6  2
     27.0000    2  4  4  6
     60.0000    4  2  1  3
     23.0000    4  2  3  7
      9.0000    4  3  1  2
     60.0000    3  3  6  4
     41.0000    2  1  4  2

      2.0000    1  3  4  4
     18.0000    1  5  1  1
      8.0000    3  5  4  7
     32.0000    1  4  2  1
      1.0000    1  1  2  3
     23.0000    2  1  6  2
     47.0000    4  2  6  3
     60.0000    3  3  4  6
     52.0000    1  4  1  7
     37.0000    3  2  2  2
     10.0000    2  3  3  1
     58.0000    4  5  5  4
     60.0000    2  1  3  5
     12.0000    2  3  5  3

      1.0000    1  4  3  3
     60.0000    2  3  3  6
     43.0000    4  5  2  7
     27.0000    3  1  2  2
      8.0000    3  5  1  7
     13.0000    2  3  4  5
     37.0000    3  2  6  1
     47.0000    1  2  5  5
      2.0000    4  3  1  3
     23.0000    2  4  5  1
     60.0000    4  4  1  4
     57.0000    1  1  4  3
      9.0000    2  3  3  7
     33.0000    3  5  6  2

      9.0000    4  1  5  6
     25.0000    4  3  3  5
     11.0000    4  5  6  5
     15.0000    1  1  4  7
     10.0000    3  2  1  6
     59.0000    1  3  6  2
     60.0000    4  4  1  3
     24.0000    3  4  4  5
     29.0000    3  2  2  1
     41.0000    3  5  2  6
     31.0000    1  5  4  1
     60.0000    2  1  5  4
     45.0000    2  2  3  7
      1.0000    3  5  5  2

     35.0000    4  5  4  2
     60.0000    2  2  5  7
     59.0000    1  1  6  6
      9.0000    2  2  5  4
     15.0000    4  2  3  5
      1.0000    1  3  5  6
      4.0000    4  5  3  2
     51.0000    4  3  3  4
     21.0000    3  3  2  2
     35.0000    3  4  4  3
     11.0000    2  3  6  1
     25.0000    2  1  1  3
     49.0000    3  4  2  1
     45.0000    1  5  1  5

     51.0000    2  2  1  6
     33.0000    1  2  5  3
     23.0000    4  3  4  4
      2.0000    1  4  1  5
     17.0000    2  1  1  3
     12.0000    4  4  2  1
     60.0000    4  3  6  7
     47.0000    3  5  4  1
     60.0000    1  4  3  2
     58.0000    3  1  2  5
     37.0000    2  5  5  4
     10.0000    4  4  6  3
      1.0000    1  3  3  1
      9.0000    1  1  3  6

     10.0000    4  5  1  5
      1.0000    1  4  6  1
      2.0000    4  5  3  2
     52.0000    4  2  5  4
     60.0000    1  4  1  7
     23.0000    4  4  4  3
     37.0000    3  3  6  3
     18.0000    4  1  5  5
     60.0000    3  5  3  6
     12.0000    1  5  2  1
     32.0000    1  2  6  5
      8.0000    3  1  3  4
     58.0000    2  1  2  2
     47.0000    2  3  4  1

      1.0000    4  1  6  6
     15.0000    2  4  1  7
     45.0000    3  5  6  7
      5.0000    1  3  6  2
     11.0000    2  1  2  5
     29.0000    2  2  4  3
     39.0000    4  5  5  5
     60.0000    3  3  3  1
     10.0000    4  4  3  5
     19.0000    2  3  6  4
     55.0000    4  2  1  2
     31.0000    2  1  5  3
     41.0000    1  1  4  4
     59.0000    1  4  2  6

