  0 22  0  0  0 20  7  0  5  4  1 12 11  6  0  0  3  0 18 21  2 10 25  0 15
 16 20  9  0 22 15  0 12 24 11  2 10  0 21  0 17  0 25  0  1 23  0  0  6  0
  3  8 21  0  0 16 20 25 13 18 12  0  0  0 15 19 23  0  6  0 14  9  2  0  0
  0  1  0  7 13  0 16 15  0  0 23 22  0 11  0  0  8  0  0 25  0  4  0  0  0
 25 24  0  0  9  0  1  5  8 10  0 19  6 15 17 21  7  3 23  0 16  2 20  0  0
  0  0 16  0 25  8 24 23  2  1  0 17  0 22  0 10  0 12 15  9  4  0  0  0  0
 21  0 24 15 16 13  6  3 14  0 11  0 20  7  0 23  0 18  0 12  0 22 10  0  5
 18  6  2  0  0 10 17 19  7  0 22 24  0  5  0 25  0  0 11  8  0  0  0  0  0
  0  0  0  0  0  9 23  0  0 22 15  4  3 25  0  2 18 16 17 13 24  0  1  0 21
  4  0 17  5  2  0 12 11  0 15 24  8 25  0 22  0 21 10 14  0 20 23  7  3  0
  0 16  3 10 23 22  0 17  0  6  0  0  0  2 19  8  9  0  0 24 18 15  5 13  0
 11  0 12  4  7  0 10  0  1  2 17  0  0  0  0 14  0 19  0  0  0  0  8  0  9
 15  0  0  0  6 17 21 24  0 23 14  0  8  9 20  0  0  2 19  4  0  0 22  5 25
 10 13 19 17  0  0  9  0  0 25  7  1  0 12 24 22 20 15  8  5 21  3 16 18  0
  7 23  0  0  5 25  0 10  6  9 21 20  0  3 11 12  0  1  0 17  0 16 14  4  0
  0 25  4  0  0  7 22  0  0 14  8  0 23 20  1  3  0  0 12  6 19 21  0  0 24
 13  4  6  1 20 19  3  0 16  5 18 11  2 24 21  0 17 14  0 15  7  8  0 12 10
  0  3  0  0  8  1  0 18  0 17 19 15 21 23  0  0  0 20  7 22  9 25  6 14  4
 23  9 15  8  4  0 25  6 17  0  0  0  0 18 13  7 22  0 10  3  5 14 19  0  0
  0  7 22 21  0  5 18  0 15 13 16 23  9  0  0 24  4  0  0  0 12  0 17 25 11
  0  0  0 19 14  0  0  4  0  0  5  0 15  0 23 20  0  0  0 10  0  0  0  1  0
  6 17  0  0  0 12 15  9 22  0  0  0  0  1 14  4 16 13  2 18 11  0 24  0  8
  1 14 11 22  0 18  2 21 23 24  6 13 10  0 25  0 12  9 16  0  8  5  4 20  7
 24 15  0  0  1 14  0  0  0  0  0 25 18  8  9  0  2  0  0 11 10  0  0  0 19
  0  0  1  3 19 21 14 16 25  7  0  0 12 10  0  5 24  4 13 20  0 17 18  8 23
